      RRD3X3 = 0.9908905
      RRD3X6 = 0.1346704
      TB = 10.00043
      MA2 = 1048278.0
      RMD21X1 = 963545.4
      RMD23X3 = 933451.8
      RME21X1 = 66311.15
      RME23X3 = 48897.37
      RML21X1 = 142415.2
      RML23X3 = 133786.4
      RMX1 = 211.6187
      RMX2 = 391.8648
      RMX3 = 1112.256
      MHD2 = 89988.53
      MHU2 = -908071.1
      RMQ21X1 = 1048784.0
      RMQ23X3 = 715579.3
      RMU21X1 = 972428.3
      RMU23X3 = 319484.9
      UP1X1 = 0.05012589
      UP1X2 = 0.005012589
      UP1X3 = 0.9987303
      UP2X1 = 0.9937738
      UP2X2 = 0.09937738
      UP2X3 = -0.0503759
      US1X1 = 0.1012306
      US1X2 = 0.9948418
      US1X3 = -0.006490797
      US2X1 = 0.9948504
      US2X2 = -0.1011943
      US2X3 = 0.005695888
      US3X1 = -0.005009676
      US3X2 = 0.00703397
      US3X3 = 0.9999627
      RNN1X1 = 0.9986845
      RNN1X2 = -0.008149439
      RNN1X3 = 0.04835308
      RNN1X4 = -0.01498717
      RNN1X5 = 0.000430389
      RNN2X1 = 0.01386218
      RNN2X2 = 0.9932687
      RNN2X3 = -0.103119
      RNN2X4 = 0.05089756
      RNN2X5 = -0.001001173
      RNN3X1 = -0.02322789
      RNN3X2 = 0.03729521
      RNN3X3 = 0.7052977
      RNN3X4 = 0.7075347
      RNN3X5 = 0.00439628
      RNN4X1 = 0.04356062
      RNN4X2 = -0.1093611
      RNN4X3 = -0.699631
      RNN4X4 = 0.7046738
      RNN4X5 = -0.00969268
      RNN5X1 = 0.0001083973
      RNN5X2 = -0.0002260343
      RNN5X3 = -0.01000661
      RNN5X4 = 0.003777281
      RNN5X5 = 0.9999428
      NML = 0.1
      NMK = 0.1089107
      NMAL = -963.9075
      NMAK = -1.589271
      MUEFF = 970.8679
      MS2 = -2235031.0
      RRL3X3 = 0.2209803
      RRL3X6 = 0.9752783
      AEWM1 = 127.92
      AS = 0.1172
      RTD3X3 = -342.31
      RTE3X3 = -177.1217
      RTU3X3 = -1213.649
      RUU1X1 = 0.9892306
      RUU1X2 = -0.1463656
      RRU3X3 = 0.4057757
      RRU3X6 = 0.9139727
      RVV1X1 = 0.9973824
      RVV1X2 = -0.07230758
      RYD3X3 = 0.1310643
      RYE3X3 = 0.1004648
      RYU3X3 = 0.8478278
      MZ = 91.187
      MW = 80.93875
      MNEU1 = 208.1416
      MNEU2 = 397.8511
      MNEU3 = -963.9805
      MNEU4 = 969.5939
      MNEU5 = 2094.274
      MCH1 = 397.8295
      MCH2 = 970.1368
      MGO = 1151.543
      MH01 = 120.0
      MH02 = 125.0
      MH03 = 500.0
      MXA01 = 15.0
      MXA02 = 1021.042
      MH = 1022.472
      MTA = 1.777
      MT = 171.4
      MB = 4.214
      MSN1 = 372.1212
      MSN3 = 360.3406
      MSL1 = 380.1759
      MSL3 = 214.7396
      MSL4 = 261.0244
      MSL6 = 374.8574
      MSU1 = 1063.635
      MSU3 = 499.2293
      MSU4 = 1027.259
      MSU6 = 935.5274
      MSD1 = 1066.519
      MSD3 = 866.3652
      MSD4 = 1023.754
      MSD6 = 992.1381
      WZ = 2.4952
      WW = 2.085
      WNEU2 = 0.1971423
      WNEU3 = 16.44905
      WNEU4 = 23.80531
      WNEU5 = 0.9659347
      WCH1 = 0.1968813
      WCH2 = 18.09858
      WGO = 25.6463
      WH01 = 0.03037863
      WH02 = 4.956578
      WH03 = 1.118083
      WA01 = 0.0002495587
      WA02 = 3.509479
      WH = 3.250011
      WT = 1.334825
      WSN1 = 0.2361026
      WSN3 = 0.4337992
      WSL1 = 0.2364805
      WSL3 = 0.004016731
      WSL4 = 0.1805808
      WSL6 = 0.5133215
      WSU1 = 9.806303
      WSU3 = 0.6482235
      WSU4 = 2.166878
      WSU6 = 23.35558
      WSD1 = 9.737754
      WSD3 = 22.01013
      WSD4 = 0.5397729
      WSD6 = 1.234055
