      MAXJETFLAVOR = 4

      AUTO_PTJ_MJJ = .TRUE.

      CUT_DECAYS = .TRUE.

      PTJ = 0.0000000000D+00

      PTB = 0.0000000000D+00

      PTA = 1.0000000000D+01

      PTL = 0.0000000000D+00

      MISSET = 0.0000000000D+00

      PTONIUM = 1.0000000000D+00

      PTJMAX = -1.0000000000D+00

      PTBMAX = -1.0000000000D+00

      PTAMAX = -1.0000000000D+00

      PTLMAX = -1.0000000000D+00

      MISSETMAX = -1.0000000000D+00

      ETAJ = -1.0000000000D+00

      ETAB = -1.0000000000D+00

      ETAA = 2.5000000000D+00

      ETAL = -1.0000000000D+00

      ETAJMIN = 0.0000000000D+00

      ETABMIN = 0.0000000000D+00

      ETAAMIN = 0.0000000000D+00

      ETALMIN = 0.0000000000D+00

      ETAONIUM = 6.0000000000D-01

      EJ = 0.0000000000D+00

      EB = 0.0000000000D+00

      EA = 0.0000000000D+00

      EL = 0.0000000000D+00

      EJMAX = -1.0000000000D+00

      EBMAX = -1.0000000000D+00

      EAMAX = -1.0000000000D+00

      ELMAX = -1.0000000000D+00

      DRJJ = 0.0000000000D+00

      DRBB = 0.0000000000D+00

      DRLL = 0.0000000000D+00

      DRAA = 0.0000000000D+00

      DRBJ = 0.0000000000D+00

      DRAJ = 0.0000000000D+00

      DRJL = 0.0000000000D+00

      DRAB = 0.0000000000D+00

      DRBL = 0.0000000000D+00

      DRAL = 0.0000000000D+00

      DRJJMAX = -1.0000000000D+00

      DRBBMAX = -1.0000000000D+00

      DRLLMAX = -1.0000000000D+00

      DRAAMAX = -1.0000000000D+00

      DRBJMAX = -1.0000000000D+00

      DRAJMAX = -1.0000000000D+00

      DRJLMAX = -1.0000000000D+00

      DRABMAX = -1.0000000000D+00

      DRBLMAX = -1.0000000000D+00

      DRALMAX = -1.0000000000D+00

      MMJJ = 0.0000000000D+00

      MMBB = 0.0000000000D+00

      MMAA = 0.0000000000D+00

      MMLL = 0.0000000000D+00

      MMJJMAX = -1.0000000000D+00

      MMBBMAX = -1.0000000000D+00

      MMAAMAX = -1.0000000000D+00

      MMLLMAX = -1.0000000000D+00

      MMNL = 0.0000000000D+00

      MMNLMAX = -1.0000000000D+00

      XPTJ = 0.0000000000D+00

      XPTB = 0.0000000000D+00

      XPTA = 0.0000000000D+00

      XPTL = 0.0000000000D+00

      XMTC = 0.0000000000D+00

      XETAMIN = 0.0000000000D+00

      DELTAETA = 0.0000000000D+00

      XQCUT = 0.0000000000D+00

      D = 1.0000000000D+00

      PTHEAVY = 0.0000000000D+00

      PTLLMIN = 0.0000000000D+00

      PTLLMAX = -1.0000000000D+00

      PTJ1MIN = 0.0000000000D+00

      PTJ1MAX = -1.0000000000D+00

      PTJ2MIN = 0.0000000000D+00

      PTJ2MAX = -1.0000000000D+00

      PTJ3MIN = 0.0000000000D+00

      PTJ3MAX = -1.0000000000D+00

      PTJ4MIN = 0.0000000000D+00

      PTJ4MAX = -1.0000000000D+00

      CUTUSE = 0.0000000000D+00

      PTL1MIN = 0.0000000000D+00

      PTL1MAX = -1.0000000000D+00

      PTL2MIN = 0.0000000000D+00

      PTL2MAX = -1.0000000000D+00

      PTL3MIN = 0.0000000000D+00

      PTL3MAX = -1.0000000000D+00

      PTL4MIN = 0.0000000000D+00

      PTL4MAX = -1.0000000000D+00

      HT2MIN = 0.0000000000D+00

      HT3MIN = 0.0000000000D+00

      HT4MIN = 0.0000000000D+00

      HT2MAX = -1.0000000000D+00

      HT3MAX = -1.0000000000D+00

      HT4MAX = -1.0000000000D+00

      HTJMIN = 0.0000000000D+00

      HTJMAX = -1.0000000000D+00

      IHTMIN = 0.0000000000D+00

      IHTMAX = -1.0000000000D+00

      GRIDPACK = .FALSE.

      GRIDRUN = .FALSE.

      ISEED = 0

      FIXED_REN_SCALE = .FALSE.

      FIXED_FAC_SCALE = .FALSE.

      SCALE = 9.1188000000D+01

      SF1 = 9.1188000000D+01

      SF2 = 9.1188000000D+01

      SCALEFACT = 1.0000000000D+00

      FIXED_COUPLINGS = .TRUE.

      ICKKW = 0

      CHCLUSTER = .FALSE.

      KTSCHEME = 1

      ASRWGTFLAVOR = 5

      LPP(1) = 1

      LPP(2) = 1

      EBEAM(1) = 4.0000000000D+03

      EBEAM(2) = 4.0000000000D+03

      PB1 = 0.0000000000D+00

      PB2 = 0.0000000000D+00

      BWCUTOFF = 1.5000000000D+01

      PDLABEL = 'cteq6l1'

      LHAID = 10042

